id: Ernst-Reuter-Platz
latitude: 52.5126111111
longitude: 13.3219055556
elevation: 33
