id: Example
latitude: 32.990254
longitude: -106.974998
elevation: 1400
