ID: Campo Militar de Santa Margarida
latitude: 39.448672869111896
longitude: -8.288911489317773
elevation: 29
