id: Campo Militar de Santa Margarida A
latitude: 39.3925472222
longitude: -8.2895166667
elevation: 160
