id: Campo Militar de Santa Margarida B
latitude: 39.3901805556
longitude: -8.2891888889
elevation: 160
