id: Campo Militar de Santa Margarida
latitude: 39.3901611111
longitude: -8.2891888889
elevation: 160
