ID: Campo Militar de Santa Margarida
latitude: 39.3901611111 # 39°23'24.58"N
longitude: -8.2891888889 # 8°17'21.08"W
elevation: 160 # 160m
