ID: Campo Militar de Santa Margarida A
latitude: 39.3925472222 # 39°23'33.17"N
longitude: -8.2895166667 # 8°17'22.26"W
elevation: 160 # 160m
