ID: Campo Militar de Santa Margarida B
latitude: 39.3901805556 # 39°23'24.65"N
longitude: -8.2891888889 # 8°17'21.08"W
elevation: 160 # 160m
